3,2
3,1
3,3
10,154
10,308
10,254
10,30
10,152
10,238
10,16
10,84
11,20
11,6
11,14
11,22
8,12
8,14
8,8
21,3
21,2
21,1
21,0
20,3
20,2
20,1
19,3
19,2
19,1
12,3
12,2
12,1
11,29
11,28
11,25
11,24
11,23
11,21
11,19
11,18
11,17
11,16
11,10
11,8
11,4
11,3
11,2
11,1
10,307
10,300
18,1
10,274
18,3
10,264
10,260
10,259
10,209
10,192
10,191
10,172
10,163
10,138
10,118
10,109
10,93
10,5
10,3
10,2
10,1
9,7
9,6
9,5
9,4
9,3
9,2
9,1
8,16
8,15
8,11
8,10
8,9
8,7
8,6
8,5
8,4
2,2
8,3
2,1
8,2
2,3
8,1
13,1
7,13
13,3
7,12
14,1
7,1
14,3
7,11
61,3
59,1
61,1
59,3
